36 66 33 145 142 179 56 146 127 180 14 41 174 101 153 51 60 181 10 55 64 8 39 1 90 192 74 154 103 170 58 129 6 96 7 110 34 186 46 167 156 189 126 48 50 27 191 26 197 115 150 195 79 194 42 45 38 107 76 117 135 98 196 52 165 82 147 77 128 12 164 78 183 114 116 29 61 47 138 4 81 73 177 86 152 163 130 89 35 134 120 100 151 92 123 11 70 2 93 23 199 113 85 119 20 53 3 136 193 125 144 131 17 80 149 173 25 105 185 88 121 22 133 187 75 99 175 104 158 148 141 21 143 182 111 54 188 155 95 178 40 67 65 169 37 68 57 184 18 16 160 94 87 112 137 162 32 171 139 15 122 200 31 44 63 71 24 159 161 108 91 97 69 84 172 5 83 102 190 198 132 124 59 106 166 28 43 19 62 9 109 140 13 49 30 176 168 72 118 157
36 66
36 174
36 2
36 81
36 150
36 32
36 181
36 122
36 171
36 166
36 100
36 35
36 116
66 56
66 199
66 161
66 96
66 160
66 68
66 176
33 145
33 185
33 175
33 158
33 32
33 15
33 93
33 21
33 34
33 69
33 106
33 140
145 200
145 91
145 17
145 149
145 35
145 106
145 64
145 53
142 179
142 41
142 181
142 126
142 94
142 165
142 117
142 38
179 64
179 138
179 89
179 55
179 7
179 90
179 125
179 61
179 39
179 76
56 146
56 73
56 27
56 21
56 148
56 139
56 85
56 68
56 133
56 107
56 123
56 47
56 102
146 160
146 24
146 111
146 170
146 49
146 10
146 135
146 42
127 180
127 192
127 15
127 110
127 104
127 149
127 166
127 37
180 143
180 18
180 14
180 22
180 173
180 39
180 163
14 41
14 52
14 190
14 149
14 171
14 38
14 181
14 7
14 169
14 13
41 114
41 123
41 153
41 172
41 31
41 186
41 177
41 150
41 126
174 73
174 89
174 121
174 195
174 57
174 193
174 104
174 153
174 107
174 191
174 21
174 61
174 37
174 10
174 100
101 153
101 6
101 156
101 136
101 121
101 58
101 27
101 194
101 189
101 47
101 72
101 92
101 60
153 57
153 100
153 136
153 191
153 25
153 102
51 60
51 20
51 45
51 22
51 15
51 34
51 5
51 78
51 76
51 134
51 186
60 121
60 105
60 78
60 23
60 190
181 129
181 21
181 123
181 117
181 143
181 140
181 16
10 55
10 192
10 57
10 8
10 17
10 172
10 16
10 54
10 163
10 12
10 74
10 59
55 50
55 44
55 132
55 47
55 166
55 130
55 165
55 182
55 114
64 1
64 120
64 196
64 70
8 39
8 150
8 70
8 136
8 35
8 9
39 130
39 151
39 194
39 68
39 170
39 57
39 62
39 37
39 67
1 90
1 192
1 54
1 156
1 116
1 144
1 193
1 129
1 27
1 67
1 171
90 177
90 166
90 48
90 199
90 111
90 187
90 9
192 189
192 24
192 194
192 44
192 117
192 23
192 139
74 154
74 163
74 57
74 161
74 92
74 165
74 158
154 151
154 81
154 161
154 89
154 61
154 5
154 37
154 187
154 131
103 170
103 25
103 151
103 104
103 93
103 40
103 164
103 155
170 44
170 78
170 59
170 102
170 144
170 52
170 200
170 80
170 75
170 13
170 159
170 138
58 129
58 29
58 3
58 175
58 48
58 111
58 188
58 42
129 19
129 148
129 122
129 125
6 96
6 171
6 126
6 124
6 57
6 117
6 115
6 35
6 150
6 62
96 150
96 193
96 18
96 68
96 57
96 108
96 35
96 81
96 78
96 123
96 113
96 91
96 83
96 30
96 102
7 110
7 61
7 116
7 63
7 173
7 139
7 92
7 125
7 84
7 35
110 95
110 29
110 109
110 187
110 182
110 178
110 176
110 132
110 91
110 133
110 25
34 186
34 54
34 102
34 52
34 88
34 199
34 193
34 67
186 183
186 65
186 83
186 163
186 106
186 182
186 5
186 11
186 162
186 35
186 132
186 42
186 171
186 190
186 164
186 72
46 167
46 92
46 199
46 134
46 187
46 62
46 57
46 16
46 3
46 86
167 84
167 194
167 197
167 123
167 92
167 160
156 20
156 42
156 79
156 47
156 194
156 95
156 141
156 163
156 25
189 113
189 149
189 89
189 3
189 148
189 17
189 169
189 35
189 175
189 134
189 108
189 67
189 136
189 82
189 190
189 95
189 185
189 130
126 81
126 77
126 115
126 92
126 3
48 50
48 182
48 86
48 42
48 165
48 89
50 115
50 131
50 65
50 93
50 149
50 88
27 191
27 88
27 130
27 35
27 19
27 124
27 97
27 70
27 59
27 184
191 105
191 193
191 21
191 109
191 169
191 122
191 100
191 30
191 177
191 97
26 197
26 175
26 79
26 78
197 76
197 150
197 94
197 4
197 182
197 28
197 130
197 77
197 143
197 2
115 107
115 111
115 87
115 148
115 93
115 65
115 88
115 132
115 164
150 195
150 117
150 140
150 198
150 12
150 169
150 113
150 11
195 70
195 32
195 143
195 147
79 194
79 165
79 182
79 22
79 104
79 177
79 163
79 131
194 172
194 147
194 18
194 182
194 108
42 45
42 165
42 95
42 164
42 141
45 135
45 35
45 128
45 62
45 139
45 89
45 111
45 44
38 107
38 52
38 136
38 138
38 165
38 84
38 155
38 160
38 63
107 18
107 188
107 25
107 75
107 4
107 53
107 118
107 49
107 21
107 28
107 102
107 37
76 4
76 68
76 151
76 84
76 114
76 123
76 108
76 98
76 162
76 52
76 124
117 135
117 134
117 84
117 93
117 138
117 172
117 30
135 147
135 162
135 138
135 30
135 61
135 4
135 18
135 173
98 196
98 188
98 20
98 17
98 68
98 172
98 166
98 114
196 114
196 24
196 162
196 113
196 71
52 165
52 86
52 11
52 149
52 15
52 172
52 5
52 91
52 163
52 114
52 177
52 24
52 193
165 105
165 57
165 11
165 73
82 147
82 198
82 171
82 99
82 114
82 128
147 134
147 182
147 16
147 80
147 63
147 4
77 128
77 32
77 130
77 85
77 5
77 111
128 173
128 198
128 171
128 123
128 158
128 63
128 9
12 164
12 131
12 178
12 162
12 173
164 163
164 111
164 105
164 67
164 148
78 183
78 40
78 122
78 5
78 121
183 65
183 114
183 106
183 152
114 116
114 138
114 2
114 83
114 106
114 54
114 30
114 155
114 185
114 11
116 184
116 133
116 53
116 21
116 118
116 16
116 143
29 61
29 140
29 163
29 53
61 47
61 37
61 200
61 53
61 69
47 138
47 57
47 175
138 137
138 187
138 25
138 108
138 2
138 3
138 132
4 81
4 163
4 102
4 95
4 149
4 139
4 65
4 59
4 15
4 24
4 172
4 151
81 136
81 182
81 106
73 177
73 3
73 137
73 131
73 136
73 65
177 37
177 163
177 120
177 93
86 120
86 185
86 80
86 91
86 70
86 32
86 124
86 193
86 119
86 139
86 160
86 20
152 163
152 184
152 99
152 69
152 92
152 173
152 71
163 169
163 139
163 5
163 71
163 13
163 37
130 93
130 24
130 112
130 172
89 111
89 24
89 69
89 193
35 134
35 69
35 72
35 188
35 148
35 91
35 13
35 113
134 160
134 102
134 49
134 5
134 143
120 112
120 100
120 91
120 185
120 22
120 16
100 151
100 22
100 140
100 187
100 71
100 123
100 141
100 112
100 133
151 187
151 97
151 185
151 102
92 123
92 54
92 84
92 132
123 11
123 20
123 5
123 44
11 70
11 148
11 133
11 171
70 125
70 69
70 141
70 112
70 158
2 24
2 193
2 158
2 182
2 95
93 111
93 143
93 175
93 139
23 199
23 155
23 139
23 108
23 105
23 188
199 31
199 84
199 32
199 87
113 158
113 13
85 119
85 44
85 22
85 40
119 175
119 97
20 53
20 162
20 80
20 18
20 104
20 159
20 132
20 112
20 21
20 31
53 21
53 63
3 17
3 83
3 88
136 40
136 122
193 141
193 133
193 104
193 188
193 176
193 155
193 57
125 144
125 40
125 5
125 94
144 28
144 133
144 161
144 148
144 140
131 72
17 80
17 112
17 122
17 22
80 182
80 160
149 102
173 106
173 13
173 68
25 160
25 83
25 13
25 24
25 190
105 31
105 161
105 22
105 169
185 69
185 75
185 190
185 157
185 141
185 108
88 168
88 75
88 19
88 21
121 15
121 54
121 67
121 95
121 71
22 133
22 106
22 59
22 175
133 178
133 102
133 175
187 32
187 106
75 99
75 59
75 158
99 184
99 140
175 148
175 176
175 172
175 95
175 9
104 158
104 91
104 157
158 190
158 171
158 168
148 49
141 184
141 87
141 59
141 139
21 143
21 166
21 162
21 112
21 68
21 200
143 161
143 102
182 172
182 157
182 57
111 140
54 188
54 168
54 57
188 132
155 160
155 30
155 122
95 178
95 112
95 59
95 69
178 190
178 40
178 24
178 32
178 91
178 176
178 102
40 67
40 65
40 31
40 109
40 63
67 112
67 32
67 159
67 94
65 68
169 43
37 31
68 108
68 83
57 108
57 49
57 172
57 176
57 13
57 63
184 102
184 190
18 157
18 198
16 162
16 161
160 159
160 87
94 59
94 9
94 69
94 168
112 102
112 24
112 137
137 106
137 5
162 108
162 84
32 139
32 109
171 84
171 24
139 63
139 140
15 13
122 28
122 198
122 44
122 108
200 31
200 140
200 30
31 109
44 30
44 59
63 71
63 198
71 108
24 59
159 84
159 83
159 161
108 5
108 72
108 59
91 5
91 168
91 198
91 140
97 9
97 30
69 176
84 43
84 172
84 106
84 168
84 190
172 72
5 13
83 28
102 59
102 9
132 109
28 168
43 168
62 157
